11
1111
4852
4628
3602
1954
1576
2990
1925
2244
4294
3294
 0 12 10 14  7  6  7 18  4  3  7
12  0 19 12  4  7  9  5 12 18  0
10 19  0 25  2  1  5 10 19  8 23
14 12 25  0 12  0  8  1  0  7  9
 7  4  2 12  0 19  6 13  0  9 25
 6  7  1  0 19  0 19 14 11  9  7
 7  9  5  8  6 19  0  4 13 23  8
18  5 10  1 13 14  4  0 19  9  8
 4 12 19  0  0 11 13 19  0 16 19
 3 18  8  7  9  9 23  9 16  0 22
 7  0 23  9 25  7  8  8 19 22  0